12345678901234567890123456789012345678901234567890123456789012345678901234567890
1  5  1  5  1  5  1  5  1  5  1  5  1  5  1
+-----+-----+-----+-----+-----+-----+-----+
|     |     |     |     |     |     |     |     
+-----+-----+-----+-----+-----+-----+-----+
|     |     |     |     |     |     |     |     
+-----+-----+-----+-----+-----+-----+-----+
|     |     |     |     |     |     |     |     
+-----+-----+-----+-----+-----+-----+-----+
|     |     |     |     |     |     |     |     
+-----+-----+-----+-----+-----+-----+-----+
|     |     |     |     |     |     |     |     
+-----+-----+-----+-----+-----+-----+-----+
|     |     |     |     |     |     |     |     
+-----+-----+-----+-----+-----+-----+-----+
|     |     |     |     |     |     |     |     
+-----+-----+-----+-----+-----+-----+-----+

7 * 5 = 35

8 * 1 = 8

18,6


























12345678901234567890123456789012345678901234567890123456789012345678901234567890
1*8 + 5 * 7 = 43
(80-43) = 37
37/2 = 18
12345678901234567890123456789012345678901234567890123456789012345678901234567890
                 1  5  1  5  1  5  1  5  1  5  1  5  1  5  1
                 +-----+-----+-----+-----+-----+-----+-----+
                 |     |     |     |     |     |     |     |     
                 +-----+-----+-----+-----+-----+-----+-----+
                 |     |     |     |     |     |     |     |     
                 +-----+-----+-----+-----+-----+-----+-----+
                 |     |     |     |     |     |     |     |     
                 +-----+-----+-----+-----+-----+-----+-----+
                 |     |     |     |     |     |     |     |     
                 +-----+-----+-----+-----+-----+-----+-----+
                 |     |     |     |     |     |     |     |     
                 +-----+-----+-----+-----+-----+-----+-----+
                 |     |     |     |     |     |     |     |     
                 +-----+-----+-----+-----+-----+-----+-----+
                 |     |     |     |     |     |     |     |     
                 +-----+-----+-----+-----+-----+-----+-----+
  





1
2
3
4
5
6
7
8
9
10
11
12
13
14
15
16
17
18
19
20
21
22
23
24
25








12345678901234567890123456789012345678901234567890123456789012345678901234567890
                   1  5  1  5  1  5  1  5  1  5  1  5  1  5  1
1                  +-----+-----+-----+-----+-----+-----+-----+
2                  |     |     |     |     |     |     |     |     
3                  +-----+-----+-----+-----+-----+-----+-----+
4                  |     |     |     |     |     |     |     |     
5                  +-----+-----+-----+-----+-----+-----+-----+
6                  |     |     |     |     |     |     |     |     
7                  +-----+-----+-----+-----+-----+-----+-----+
8                  |     |     |     |     |     |     |     |     
9                  +-----+-----+-----+-----+-----+-----+-----+
10                 |     |     |     |     |     |     |     |     
11                 +-----+-----+-----+-----+-----+-----+-----+
12                 |     |     |     |     |     |     |     |     
13                 +-----+-----+-----+-----+-----+-----+-----+
14                 |     |     |     |     |     |     |     |     
15                 +-----+-----+-----+-----+-----+-----+-----+


25-15=10
10/2=5


12345678901234567890123456789012345678901234567890123456789012345678901234567890
2
3
4
5                  1  5  1  5  1  5  1  5  1  5  1  5  1  5  1
6                  +-----+-----+-----+-----+-----+-----+-----+
7                  |     |     |     |     |     |     |     |     
8                  +-----+-----+-----+-----+-----+-----+-----+
9                  |     |     |     |     |     |     |     |     
10                 +-----+-----+-----+-----+-----+-----+-----+
11                 |     |     |     |     |     |     |     |     
12                 +-----+-----+-----+-----+-----+-----+-----+
13                 |     |     |     |     |     |     |     |     
14                 +-----+-----+-----+-----+-----+-----+-----+
15                 |     |     |     |     |     |     |     |     
16                 +-----+-----+-----+-----+-----+-----+-----+
17                 |     |     |     |     |     |     |     |     
18                 +-----+-----+-----+-----+-----+-----+-----+
19                 |     |     |     |     |     |     |     |     
20                 +-----+-----+-----+-----+-----+-----+-----+
21
22
23
24
25


12345678901234567890123456789012345678901234567890123456789012345678901234567890
2
3
4
5                  1  5  1  5  1  5  1  5  1  5  1  5  1  5  1
6                  S--S--S-----+-----+-----+-----+-----+-----S
7                  |     |     S     |     |     |     |     |     
8                  S-----S-----+-----+-----+-----+-----+-----S
9                  |     |     |     |     |     |     |     |     
10                 +-----+-----+-----+-----+-----+-----+-----+
11                 |     |     |     |     |     |     |     |     
12                 +-----+-----+-----+-----+-----+-----+-----+
13                 |     |     |     |     |     |     |     |     
14                 +-----+-----+-----+-----+-----+-----+-----+
15                 |     |     |     |     |     |     |     |     
16                 +-----+-----+-----+-----+-----+-----+-----+
17                 |     |     |     |     |     |     |     |     
18                 +-----+-----+-----+-----+-----+-----+-----+
19                 |     |     |     |     |     |     |     |     
20                 S-----S-----+-----+-----+-----+-----+-----S
21
22
23
24
25


























12345678901234567890123456789012345678901234567890123456789012345678901234567890
2
3
4
5                  1  5  1  5  1  5  1  5  1  5  1  5  1  5  1
6                  +-----+-----+-----+-----+-----+-----+-----+
7                  | SUN | MON | TUE | WED | THU | FRI | SAT |     
8                  +-----+-----+-----+-----+-----+-----+-----+
9                  |     |     |     |     |     |     |     |     
10                 +-----+-----+-----+-----+-----+-----+-----+
11                 |     |     |     |     |     |     |     |     
12                 +-----+-----+-----+-----+-----+-----+-----+
13                 |     |     |     |     |     |     |     |     
14                 +-----+-----+-----+-----+-----+-----+-----+
15                 |     |     |     |     |     |     |     |     
16                 +-----+-----+-----+-----+-----+-----+-----+
17                 |     |     |     |     |     |     |     |     
18                 +-----+-----+-----+-----+-----+-----+-----+
19                 |     |     |     |     |     |     |     |     
20                 +-----+-----+-----+-----+-----+-----+-----+
21
22
23
24
25




12345678901234567890123456789012345678901234567890123456789012345678901234567890
                 +-----+-----+-----+-----+-----+-----+-----+
                 | SUN | MON | TUE | WED | THU | FRI | SAT |
                   2     2     3     3     4     5     5
                   0     6     2     8     4     0     6
                   inga
                   0     6    12     18    24    30    36


         



12345678901234567890123456789012345678901234567890123456789012345678901234567890
                 +-----+-----+-----+-----+-----+-----+-----+
                 | SUN | MON | TUE | WED | THU | FRI | SAT |
                 +-----+-----+-----+-----+-----+-----+-----+
                 |  01 |  02 |  03 |  04 |  05 |  06 |  07 |
                    2     2     3     3     4     5     5
                    1     7     3     9     5     1     7                           
                    inga
                    0     6     12   18    24    30    36        
12345678901234567890123456789012345678901234567890123456789012345678901234567890
2
3                                December, 2023
4
5                  1  5  1  5  1  5  1  5  1  5  1  5  1  5  1
6                  +-----+-----+-----+-----+-----+-----+-----+
7                  | SUN | MON | TUE | WED | THU | FRI | SAT |     
8                  +-----+-----+-----+-----+-----+-----+-----+
9                1 |  01 |     |     |     |     |     |  01 |     
10                 +-----+-----+-----+-----+-----+-----+-----+
11               2 |  02 |  03 |  04 |  05 |  06 |  07 |  08 |     
12                 +-----+-----+-----+-----+-----+-----+-----+
13               3 | 09  |  10 |  11 |  12 |  13 |  14 |  15 |     
14                 +-----+-----+-----+-----+-----+-----+-----+
15               4 |  16 |  17 |  18 |  19 |  20 |  21 |  22 |     
16                 +-----+-----+-----+-----+-----+-----+-----+
17               5 |  23 |  24 |  25 |  26 |  27 |  28 |  29 |     
18                 +-----+-----+-----+-----+-----+-----+-----+
19               6 |  30 |  31 |     |     |     |     |     |     
20                 +-----+-----+-----+-----+-----+-----+-----+
21
22
23
24
25



                



















































































